{'Defense_Test': 0.6578947368421053, 'Eiffel_Test': 0.35714285714285715, 'Invalides_Test': 0.6888888888888889, 
'Louvre_Test': 0.8888888888888888, 'MoulinRouge_Test': 0.4090909090909091, 'MuséeOrsay_Test': 0.726027397260274, 
'NotreDame_Test': 0.5681818181818182, 'Pantheon_Test': 0.6666666666666666, 'Pompidou_Test': 0.75, 
'SacreCoeur_Test': 0.631578947368421, 'Triomphe_Test': 0.8214285714285714, 'Total': 0.6707566462167689}