{'Defense_Test': 0.7368421052631579, 'Eiffel_Test': 0.5, 'Invalides_Test': 0.5777777777777777, 
'Louvre_Test': 0.8518518518518519, 'MoulinRouge_Test': 0.4318181818181818, 'MuséeOrsay_Test': 0.726027397260274, 
'NotreDame_Test': 0.5681818181818182, 'Pantheon_Test': 0.6666666666666666, 'Pompidou_Test': 0.7272727272727273, 
'SacreCoeur_Test': 0.5526315789473685, 'Triomphe_Test': 0.8392857142857143, 'Total': 0.6646216768916156}